task1_precision:0.5955056179775281
task1_recall:0.5326633165829145
task1_f1:0.5623342175066314
